0.80 3110 100
0.81 2930 100
0.82 2864 100
0.83 2776 100
0.84 2762 100
0.85 2706 100
0.86 2656 100
0.87 2525 100
0.89 2569 100
0.90 2443 100
0.91 2321 100
0.93 2240 100
0.94 2161 100
0.96 2034 100
0.97 1980 100
0.99 1866 100
1.00 1840 100
1.01 1852 100
1.03 1793 100
1.04 1719 100
1.06 1684 100
1.07 1673 100
1.09 1652 100
1.10 1642 100
1.12 1593 100
1.13 1604 100
1.15 1580 100
1.16 1575 100
1.18 1539 100
1.19 1538 100
1.20 1581 100
1.22 1539 100
1.23 1528 100
1.25 1494 100
1.27 1462 100
1.28 1462 100
1.30 1416 100
1.32 1398 100
1.34 1393 100
1.35 1408 100
1.37 1357 100
1.38 1364 100
1.40 1373 100
1.42 1315 100
1.44 1277 100
1.45 1272 100
1.47 1257 100
1.48 1251 100
1.50 1228 100
1.52 1205 100
1.54 1175 100
1.56 1161 100
1.58 1163 100
1.60 1143 100
1.62 1124 100
1.64 1075 100
1.66 1051 100
1.68 1025 100
1.70 997 100
1.72 969 100
1.73 967 100
1.75 928 100
1.77 876 100
1.78 853 100
1.80 835 100
1.82 803 100
1.83 781 100
1.85 767 100
1.87 755 100
1.88 734 100
1.90 709 100
1.92 692 100
1.94 677 100
1.96 657 100
1.98 629 100
2.00 626 100
2.02 616 100
2.03 599 100
2.05 571 100
2.07 558 100
2.08 547 100
2.10 542 100
2.12 529 100
2.13 523 100
2.15 511 100
2.17 497 100
2.18 493 100
2.20 487 100
2.22 479 100
2.24 469 100
2.26 460 100
2.28 462 100
2.30 451 100
2.31 443 100
2.33 447 100
2.34 456 100
2.36 459 100
2.37 456 100
2.39 465 100
2.40 469 100
2.41 476 100
2.43 479 100
2.44 478 100
2.46 485 100
2.47 481 100
2.49 489 100
2.50 488 100